Tile 2957:
1 0 0 1 1 0 1 0 1 0 
0 0 0 1 0 0 0 0 0 0 
0 1 0 0 0 0 1 0 0 0 
0 0 0 0 1 0 1 0 0 0 
1 0 0 0 0 0 0 0 1 0 
1 0 0 0 0 0 0 0 0 1 
0 0 0 0 0 1 0 0 1 0 
0 0 0 0 0 1 1 0 1 1 
1 0 0 0 0 0 0 1 0 0 
1 1 1 0 0 0 1 1 1 1 

Tile 3499:
1 0 1 0 1 0 0 1 1 1 
1 1 0 1 0 0 0 1 0 1 
0 0 1 1 1 0 0 0 1 1 
0 0 0 1 1 0 0 0 1 0 
0 0 0 1 1 0 0 1 1 1 
1 1 1 1 0 0 1 0 0 0 
1 0 1 0 0 0 1 0 0 1 
1 1 0 0 0 0 1 0 0 0 
1 0 0 1 0 0 0 1 0 0 
0 1 1 1 1 0 1 1 1 0 

Tile 3583:
0 1 1 1 1 1 1 1 0 1 
0 0 0 0 0 1 1 0 0 0 
1 0 0 0 0 0 0 0 0 1 
1 1 1 1 0 0 1 0 1 0 
0 0 1 0 0 0 1 0 0 0 
0 1 0 1 1 0 0 1 0 0 
0 1 0 1 0 0 1 1 1 0 
0 0 0 0 0 0 0 0 0 1 
0 0 0 1 0 0 0 1 0 1 
0 1 0 1 0 1 1 0 1 0 

Tile 2309:
0 1 1 1 1 1 1 0 0 0 
0 1 0 0 1 0 0 0 0 1 
1 0 0 0 1 1 0 0 0 0 
1 0 1 0 0 0 0 1 1 0 
0 0 0 0 1 0 0 0 0 1 
0 1 1 0 0 0 1 1 0 1 
1 1 1 0 0 0 0 0 0 0 
1 1 1 0 0 1 0 0 0 1 
1 0 0 0 1 0 1 0 1 1 
0 1 1 0 1 1 1 0 0 1 

Tile 1297:
1 0 0 1 0 1 1 1 1 0 
0 1 0 1 0 0 0 0 1 1 
0 0 1 0 0 0 0 1 0 1 
0 0 0 0 0 0 0 0 1 1 
0 1 0 0 0 0 1 1 0 1 
0 0 0 0 1 0 0 1 0 1 
0 1 0 0 0 1 0 0 0 1 
0 0 0 0 0 1 0 1 0 1 
1 0 0 0 1 1 1 0 0 0 
1 1 0 0 1 0 1 1 1 1 

Tile 3779:
1 0 0 0 1 0 0 1 1 0 
0 0 0 0 0 1 1 1 0 1 
1 0 1 1 0 0 1 1 0 0 
0 1 1 1 1 0 0 0 1 0 
1 0 0 0 0 0 1 0 0 0 
1 0 0 1 1 1 0 1 0 0 
1 0 0 0 0 1 0 1 1 1 
1 0 0 0 0 0 0 1 0 1 
0 0 1 0 1 1 0 1 0 0 
0 1 1 1 0 0 0 0 0 1 

Tile 1471:
1 0 1 1 0 0 0 0 0 1 
0 0 0 1 0 1 1 0 0 0 
0 0 0 0 1 0 1 1 1 1 
1 0 1 0 0 0 0 0 1 0 
0 0 1 0 1 0 0 0 1 0 
1 0 1 0 0 0 1 0 0 1 
0 1 0 0 0 0 0 0 0 1 
0 0 0 1 0 0 1 1 0 1 
1 1 0 0 0 1 1 1 0 0 
0 1 1 1 1 1 1 0 1 0 

Tile 3803:
1 1 0 0 1 1 1 0 0 1 
1 0 0 1 0 0 0 0 0 0 
1 0 1 0 1 0 0 0 0 1 
0 1 0 0 1 1 0 0 1 1 
0 0 0 1 0 1 0 1 0 1 
0 0 0 1 1 0 1 0 0 0 
0 0 0 0 0 0 0 0 1 1 
0 0 0 0 0 0 0 0 1 0 
0 0 0 0 0 0 0 1 1 1 
1 0 1 0 1 1 1 1 0 1 

Tile 2473:
1 0 1 1 1 1 1 0 1 0 
1 1 0 0 0 0 0 0 0 1 
1 0 1 1 0 0 0 1 1 0 
0 0 1 0 0 0 0 1 0 1 
1 0 1 0 0 0 1 0 1 1 
0 0 0 0 0 0 1 0 1 1 
1 0 0 1 0 0 0 0 0 0 
1 0 1 0 0 0 1 0 1 0 
1 0 0 0 1 1 1 0 0 0 
1 0 0 0 1 0 1 1 0 0 

Tile 1193:
1 0 0 1 1 0 0 0 1 0 
0 0 0 0 1 0 1 0 0 1 
0 0 0 1 0 0 0 0 1 0 
0 1 0 0 0 0 0 0 0 0 
1 0 1 0 0 0 0 1 0 1 
1 0 0 0 1 0 0 0 0 0 
0 1 1 1 0 0 0 1 0 1 
1 0 0 1 0 0 1 0 1 0 
1 0 1 1 0 0 0 0 1 0 
1 0 1 1 0 1 1 1 0 1 

Tile 1879:
1 0 0 1 0 0 1 1 0 1 
1 1 0 0 0 0 1 0 0 0 
0 0 0 1 1 0 0 0 0 1 
1 0 1 1 0 0 1 0 1 0 
1 0 0 1 0 1 0 1 0 0 
1 0 1 1 1 0 0 0 0 0 
1 0 1 1 0 0 0 0 0 0 
1 0 0 1 0 0 0 0 0 0 
0 0 0 0 0 0 0 1 0 1 
0 1 1 0 0 1 1 0 0 1 

Tile 1049:
1 1 1 1 1 1 0 1 0 0 
1 0 1 0 0 0 1 0 0 0 
1 0 1 0 0 0 0 0 1 0 
1 1 1 0 1 1 1 0 0 1 
1 1 1 0 0 0 1 0 0 1 
1 1 0 1 1 0 0 1 0 0 
1 0 0 0 0 0 0 1 0 0 
0 0 0 1 1 0 0 1 0 0 
0 1 1 1 0 0 0 0 0 0 
1 0 1 0 0 0 1 1 1 1 

Tile 2917:
1 0 0 1 1 0 1 1 1 0 
0 0 0 0 0 0 0 0 1 1 
1 0 0 1 0 1 0 1 0 0 
1 0 0 1 0 0 0 0 0 0 
0 0 0 0 0 0 0 1 0 0 
1 0 1 0 1 0 0 1 0 0 
1 1 0 0 0 0 1 0 1 0 
0 0 0 0 0 0 1 0 1 0 
1 1 0 0 0 1 1 1 1 1 
1 1 0 1 1 0 0 1 0 1 

Tile 1619:
0 1 1 1 1 1 0 1 0 1 
0 0 0 0 0 1 1 0 0 0 
1 1 0 1 0 0 0 0 0 0 
0 0 1 1 0 0 1 0 1 0 
0 1 0 0 0 0 0 0 0 1 
1 0 1 1 0 0 0 0 0 0 
1 1 1 1 1 0 0 0 0 0 
1 0 0 0 1 0 1 1 1 0 
0 0 1 0 0 0 0 1 0 1 
1 0 0 1 0 1 0 0 1 1 

Tile 1663:
1 0 1 1 1 0 1 1 0 0 
1 1 1 1 0 0 1 1 0 1 
0 0 1 1 0 0 0 1 0 0 
0 1 1 1 0 0 0 1 1 0 
0 1 0 1 1 0 0 0 0 0 
0 0 0 0 0 0 0 0 1 1 
1 0 1 0 0 1 0 0 1 0 
1 0 0 1 0 0 1 1 0 0 
1 0 1 1 1 0 0 1 0 0 
1 1 0 0 1 1 0 1 1 1 

Tile 3571:
0 0 1 0 1 1 0 1 1 1 
0 1 1 0 0 1 0 0 1 1 
1 0 0 0 1 0 0 0 1 0 
1 0 1 1 0 1 1 1 0 1 
0 0 0 0 0 0 1 0 0 1 
1 0 0 1 1 1 1 0 1 1 
1 0 1 1 0 0 0 1 1 1 
0 1 0 1 0 1 0 0 0 1 
0 0 0 0 1 0 0 0 0 1 
1 1 0 0 0 0 0 1 1 0 

Tile 2969:
1 0 0 1 0 0 0 1 0 1 
0 1 0 0 0 1 0 0 1 1 
1 1 0 0 1 0 0 1 1 1 
1 0 0 0 0 0 1 1 0 0 
0 0 0 0 0 0 1 0 0 0 
0 0 0 1 0 0 0 0 0 1 
1 0 0 0 0 0 0 0 1 0 
1 0 0 1 0 0 1 1 0 0 
1 0 1 0 1 1 0 1 1 1 
1 0 0 1 1 1 0 0 0 1 

Tile 2657:
0 1 1 1 0 1 1 0 1 0 
1 0 1 0 0 0 0 0 1 1 
1 1 0 0 0 0 1 0 1 1 
0 1 0 1 0 0 1 1 0 0 
1 1 0 0 1 0 1 1 0 1 
1 0 0 0 0 0 1 0 1 1 
1 0 0 1 1 0 0 1 0 0 
1 0 0 0 0 0 0 0 0 0 
1 0 1 1 0 1 0 0 1 0 
0 0 1 0 0 1 0 1 0 1 

Tile 1693:
0 1 1 1 0 1 0 1 1 0 
1 1 1 0 0 0 0 1 0 0 
1 1 0 1 0 0 1 1 0 1 
1 0 0 0 0 0 1 1 0 1 
0 1 0 1 1 0 1 0 0 1 
0 0 0 1 0 1 0 0 0 0 
1 0 0 0 0 0 1 0 0 0 
1 0 0 0 0 1 1 0 0 0 
1 1 0 1 1 1 0 0 0 0 
1 0 1 0 1 0 0 1 0 1 

Tile 3257:
0 1 1 1 1 0 1 0 0 0 
1 1 0 0 1 1 0 1 1 1 
1 0 0 0 0 0 0 0 0 0 
0 0 0 0 0 0 0 1 1 0 
0 0 0 0 0 0 1 0 0 1 
1 1 1 0 0 0 0 0 1 0 
0 0 0 0 1 1 1 1 1 0 
1 1 1 1 1 0 0 0 1 0 
1 1 1 0 0 0 0 1 0 0 
1 0 1 0 1 0 1 1 0 1 

Tile 2707:
0 0 1 0 0 0 1 1 0 1 
0 1 0 0 0 0 0 1 0 0 
1 0 0 0 1 0 0 0 1 0 
1 1 0 0 0 1 0 1 1 0 
0 1 1 0 0 0 0 0 0 0 
1 0 1 1 0 0 0 0 0 0 
0 1 1 0 0 0 0 0 1 0 
1 1 0 0 0 0 0 0 0 0 
0 0 0 1 1 0 0 1 0 0 
0 1 0 1 1 0 1 1 1 0 

Tile 1723:
1 0 0 1 1 0 1 1 0 1 
1 0 1 0 0 0 0 0 1 0 
0 0 0 1 0 1 1 0 0 0 
1 0 0 0 0 0 1 1 0 1 
0 0 0 1 0 0 0 0 0 0 
0 1 0 1 0 0 0 0 1 1 
1 0 0 1 0 0 1 0 1 1 
0 0 1 0 0 0 0 0 0 1 
0 1 1 0 0 0 1 0 0 0 
1 1 0 0 0 1 0 1 0 1 

Tile 2333:
1 0 0 1 0 1 1 1 1 1 
1 1 0 1 0 0 1 1 0 1 
1 0 0 0 0 0 0 0 0 1 
0 0 0 1 0 1 0 0 1 1 
0 0 0 0 1 0 0 0 0 1 
0 1 1 1 1 0 0 0 1 1 
1 1 0 0 0 1 0 0 1 1 
1 1 0 0 0 1 0 0 0 0 
1 0 0 0 0 0 1 0 0 1 
1 0 1 0 0 1 0 0 0 1 

Tile 2909:
1 1 0 1 0 0 0 0 1 1 
1 0 1 0 0 1 1 1 1 0 
0 1 0 1 1 0 0 0 0 0 
1 0 1 0 0 0 1 0 0 0 
0 0 1 0 0 1 0 0 1 0 
0 0 0 0 0 1 0 0 0 0 
1 0 0 0 1 0 1 1 1 1 
1 0 0 0 0 0 1 0 0 1 
1 0 1 1 0 0 1 0 0 1 
1 1 1 1 1 0 1 0 1 0 

Tile 1637:
1 1 0 1 1 0 0 0 1 0 
0 1 0 1 0 0 1 0 0 0 
0 0 0 1 0 1 1 0 1 0 
1 0 0 0 1 0 0 1 0 0 
0 1 1 1 0 1 1 0 0 1 
0 1 0 0 0 0 0 0 1 0 
0 0 0 0 0 0 0 0 1 0 
0 0 0 0 0 0 0 0 0 1 
1 0 0 0 0 0 0 0 1 0 
0 0 1 0 0 0 1 0 1 0 

Tile 2129:
0 1 0 0 0 0 1 0 1 0 
0 0 0 0 0 0 1 1 0 1 
0 0 0 0 1 0 0 1 0 0 
1 0 1 0 0 0 0 0 0 1 
0 1 0 0 0 0 0 0 0 1 
0 0 1 0 0 0 0 1 0 1 
1 0 0 1 0 0 0 0 0 0 
1 0 0 1 0 0 1 0 1 1 
1 0 1 0 1 0 1 0 1 1 
1 0 1 1 1 0 1 0 0 1 

Tile 3083:
1 1 1 1 1 0 1 0 1 0 
1 0 0 1 0 0 0 0 0 1 
1 0 0 0 0 0 0 1 0 0 
0 1 0 0 0 1 1 1 0 1 
1 0 1 1 1 1 0 0 1 1 
1 1 1 1 1 0 0 0 0 1 
1 0 0 1 1 0 0 0 0 0 
0 0 0 0 0 0 0 1 0 1 
1 0 0 0 0 0 0 0 0 1 
1 0 0 0 0 0 1 0 1 0 

Tile 3929:
1 1 0 0 1 1 0 0 0 1 
1 0 0 1 0 0 1 0 0 0 
0 0 1 1 0 0 0 1 0 1 
1 0 0 0 0 0 0 1 1 0 
0 0 1 0 1 0 0 0 1 1 
0 0 0 0 0 0 0 0 0 0 
0 0 0 1 0 0 0 1 1 0 
1 1 0 0 0 0 0 0 1 1 
1 0 0 1 0 0 0 1 0 0 
1 0 1 0 1 0 1 1 0 1 

Tile 2239:
0 0 0 1 0 1 0 0 1 1 
0 0 0 0 0 1 1 0 0 0 
1 0 0 1 0 0 0 0 0 1 
0 0 1 0 1 1 0 0 0 1 
1 0 1 0 0 0 0 1 1 0 
1 0 1 1 0 0 0 0 0 0 
0 1 1 0 0 0 0 0 0 1 
0 0 0 0 0 0 0 1 0 0 
0 0 1 0 1 0 0 1 0 1 
1 0 0 0 0 1 0 0 1 1 

Tile 3793:
1 1 1 0 0 0 1 1 0 1 
0 0 0 1 1 0 1 0 0 1 
0 0 0 0 0 1 1 0 1 0 
0 0 0 0 0 0 0 0 0 0 
0 1 1 0 0 0 0 0 1 0 
0 0 0 0 0 0 0 1 0 1 
1 1 0 0 0 1 0 0 0 1 
1 1 0 0 0 0 1 0 0 1 
1 1 1 0 0 0 1 0 0 0 
1 1 1 1 1 1 1 0 0 1 

Tile 3581:
1 1 0 0 1 1 1 0 1 0 
1 0 0 0 0 0 0 0 0 1 
0 1 0 0 0 1 0 0 0 1 
0 1 0 1 0 0 0 1 1 0 
1 0 0 0 0 1 0 0 0 0 
0 0 0 0 0 0 0 0 1 1 
0 1 0 0 1 1 0 1 0 0 
0 1 0 0 1 0 1 0 1 0 
0 0 0 0 1 0 1 0 0 1 
1 0 1 1 0 1 1 1 1 0 

Tile 1553:
1 0 0 0 1 1 0 1 0 0 
1 1 0 0 0 0 0 0 1 0 
1 1 0 0 0 1 0 1 1 0 
0 1 0 0 1 0 1 1 1 1 
1 0 0 0 1 1 0 1 0 1 
0 0 0 1 1 0 0 1 1 1 
0 0 0 0 0 0 1 1 0 0 
1 0 1 1 0 1 0 0 1 1 
0 0 0 1 1 0 0 1 1 0 
1 0 0 1 0 0 1 1 0 0 

Tile 2203:
0 1 0 0 0 0 1 1 1 0 
0 0 1 0 1 0 0 0 0 1 
0 0 1 0 0 1 0 0 0 1 
1 0 0 1 1 0 0 1 0 1 
1 0 0 0 0 0 0 0 1 1 
0 0 0 0 1 0 0 0 0 0 
1 0 1 0 0 0 0 0 0 1 
0 0 0 1 0 0 0 0 1 1 
1 0 0 1 1 1 0 0 1 1 
0 0 1 0 0 1 0 0 0 0 

Tile 1847:
0 0 1 1 1 1 0 0 0 0 
1 1 1 0 0 0 0 0 0 0 
1 0 0 1 0 0 1 0 0 0 
0 0 1 0 0 0 0 1 1 1 
1 0 0 0 0 1 0 0 0 1 
1 0 1 0 1 0 0 0 0 1 
0 0 0 0 0 1 1 0 0 0 
0 0 0 0 1 0 1 0 0 1 
1 1 0 1 0 0 0 1 0 1 
0 0 1 0 0 1 1 1 1 0 

Tile 1367:
0 1 1 0 0 1 0 0 1 0 
1 1 0 0 0 0 0 0 1 0 
1 1 0 1 0 0 0 1 0 0 
0 0 0 0 0 0 0 0 1 1 
0 0 1 0 0 1 1 1 0 1 
1 0 0 0 1 0 0 0 0 0 
0 0 0 0 1 0 0 1 0 1 
0 0 1 0 0 1 0 0 1 1 
0 0 1 1 1 1 0 0 1 0 
1 1 0 0 0 0 1 1 0 1 

Tile 2633:
1 0 1 1 0 0 0 1 1 1 
1 1 1 0 0 0 0 1 1 1 
1 0 0 0 1 1 0 1 1 1 
1 1 0 0 0 0 0 0 0 0 
1 0 0 1 1 0 0 0 0 0 
1 0 1 1 0 1 1 0 0 0 
0 1 0 1 1 0 1 0 0 1 
1 0 1 1 0 0 0 0 1 0 
0 0 0 0 0 0 0 0 0 1 
1 1 1 1 1 0 1 1 0 0 

Tile 1697:
1 0 1 1 1 1 0 1 1 1 
0 1 0 1 1 1 0 0 1 0 
1 1 0 0 0 0 1 0 1 0 
1 0 0 1 0 0 0 0 0 0 
0 1 0 0 1 0 0 0 0 0 
1 0 0 1 1 1 1 0 0 0 
1 1 0 0 0 1 0 0 0 0 
0 0 0 0 1 0 0 1 1 0 
0 0 1 0 0 1 0 1 0 0 
1 1 1 1 1 1 0 0 1 0 

Tile 1571:
0 1 1 1 1 1 0 0 0 1 
1 0 0 0 0 0 1 0 0 0 
1 0 0 1 0 0 0 0 0 1 
0 0 1 0 1 0 0 1 0 1 
0 1 1 1 1 0 0 0 1 1 
0 0 0 1 0 1 0 1 1 1 
1 0 0 0 0 1 0 0 0 1 
1 0 0 1 0 0 0 0 0 1 
0 0 0 0 0 0 0 0 0 1 
0 0 0 0 1 1 1 0 1 1 

Tile 3889:
0 0 0 1 0 0 1 0 0 1 
0 0 0 0 0 0 1 1 1 1 
1 0 1 0 1 1 0 0 0 1 
0 0 0 0 1 0 0 0 0 0 
1 1 0 1 0 0 0 1 0 0 
0 0 1 0 0 0 0 1 0 1 
0 0 1 0 1 0 0 0 0 1 
0 1 1 1 0 1 0 0 1 0 
0 0 1 0 1 1 1 1 0 0 
0 0 0 1 0 0 1 1 1 1 

Tile 1039:
0 0 0 1 0 0 0 0 0 0 
1 0 0 0 1 0 0 0 0 0 
1 1 0 0 0 0 0 0 0 0 
1 0 0 0 1 0 0 0 1 1 
0 0 1 0 0 0 0 0 1 0 
0 1 1 0 0 0 0 0 0 1 
0 0 0 0 0 1 1 0 0 1 
0 0 1 0 0 1 1 1 1 0 
1 0 0 0 0 0 0 0 0 1 
0 1 0 0 1 1 1 0 1 1 

Tile 2339:
1 0 0 1 1 0 1 1 0 0 
0 0 1 0 0 0 1 0 0 1 
1 0 0 0 0 0 1 0 0 1 
0 0 1 0 1 1 0 1 0 0 
1 1 1 0 0 0 0 0 0 1 
1 1 0 0 1 0 1 0 0 1 
0 0 0 0 1 0 0 1 0 1 
1 0 0 0 0 1 0 0 0 1 
1 0 0 0 0 1 0 1 0 0 
1 1 1 1 0 1 1 1 1 1 

Tile 1583:
0 1 1 1 0 1 1 0 1 1 
0 0 0 0 0 1 0 0 1 1 
0 0 1 1 1 0 1 0 0 0 
0 0 1 1 0 0 0 1 0 1 
0 0 1 0 0 0 0 1 0 1 
1 0 0 0 0 1 1 0 0 1 
0 0 0 0 0 0 0 0 1 1 
1 0 0 0 1 1 0 1 0 1 
0 0 0 1 0 1 0 0 1 0 
0 1 0 0 0 0 0 1 0 1 

Tile 3881:
0 1 0 0 1 1 1 1 0 1 
0 0 1 0 0 1 0 0 0 1 
0 0 1 0 0 0 1 1 0 0 
1 0 0 0 0 0 0 0 0 0 
0 0 0 0 0 1 0 1 0 0 
0 0 1 0 0 0 0 0 1 0 
1 0 1 1 0 0 0 0 0 0 
0 0 0 1 1 0 0 0 1 0 
0 0 1 0 0 0 0 1 0 0 
1 0 0 0 1 0 1 1 1 0 

Tile 1123:
0 1 1 1 1 0 1 0 1 0 
1 1 0 0 0 0 1 0 1 0 
1 0 0 1 0 1 1 1 0 1 
0 1 1 1 1 0 1 1 1 0 
0 0 1 1 0 0 0 0 0 0 
1 1 0 1 0 0 0 0 0 0 
0 1 0 0 1 1 0 0 0 0 
1 0 0 0 1 1 1 1 0 0 
0 1 0 0 1 0 1 0 0 1 
0 0 1 1 0 1 0 1 0 0 

Tile 2243:
0 0 1 0 0 0 1 0 0 0 
0 0 0 0 0 0 1 0 1 1 
0 0 0 0 0 0 0 0 0 0 
0 1 0 1 0 0 1 0 0 1 
1 0 1 0 0 0 0 1 1 0 
0 0 0 1 0 0 0 1 1 0 
1 1 0 0 1 0 0 0 0 0 
0 0 1 1 0 1 1 0 0 1 
1 0 1 0 0 0 0 0 1 0 
1 1 0 0 0 1 0 1 1 0 

Tile 2063:
1 0 0 0 0 0 1 0 0 1 
0 1 0 1 0 1 0 0 0 0 
1 0 0 0 0 1 1 0 0 1 
1 0 0 1 1 0 0 0 1 0 
1 1 1 0 0 0 0 0 1 0 
0 0 1 0 0 0 0 1 0 0 
1 0 0 1 0 0 0 1 0 1 
0 0 0 0 0 0 0 0 0 1 
0 0 0 1 0 0 0 0 0 0 
0 1 0 0 0 1 0 0 1 1 

Tile 1621:
0 0 1 0 1 1 0 1 0 1 
1 1 0 0 0 1 0 0 1 1 
0 0 1 0 0 1 1 0 0 1 
0 0 0 0 1 0 0 0 0 0 
0 0 0 0 0 0 1 1 1 0 
1 0 1 0 0 0 0 0 0 1 
0 0 1 0 1 0 0 0 1 1 
1 0 0 0 0 0 0 0 1 1 
1 0 0 0 0 0 0 1 0 1 
0 1 0 0 1 0 0 0 1 0 

Tile 3331:
1 0 0 1 1 1 1 0 0 0 
0 0 1 0 0 1 1 0 1 1 
0 0 1 1 1 0 0 0 0 0 
0 0 1 0 0 1 0 0 0 0 
0 0 0 1 0 0 1 0 0 0 
1 0 1 0 1 0 0 0 0 1 
1 0 0 0 0 1 1 1 0 0 
0 1 1 1 0 1 0 0 1 0 
1 0 0 0 0 1 0 0 0 1 
0 0 1 1 0 1 1 0 1 0 

Tile 1259:
1 1 1 0 1 1 1 1 0 0 
1 0 0 0 0 0 1 1 0 0 
1 0 0 0 1 0 0 0 0 1 
0 0 0 0 1 1 0 0 1 0 
1 1 0 1 0 1 1 0 0 1 
1 0 0 0 0 0 0 0 1 1 
0 0 0 0 0 1 0 0 0 1 
0 0 0 0 0 0 1 1 0 0 
1 0 1 0 0 0 1 0 1 1 
0 1 1 0 0 0 0 0 0 1 

Tile 3407:
0 0 0 0 1 1 0 1 0 1 
1 0 1 0 0 0 0 1 0 0 
1 0 0 0 0 1 1 0 0 0 
0 0 0 1 1 0 1 0 0 1 
1 1 1 1 0 0 0 0 1 1 
0 1 0 0 0 0 1 0 0 1 
1 0 0 1 0 0 1 1 0 0 
1 1 1 1 1 0 0 1 1 1 
1 1 0 0 0 0 1 0 0 0 
0 0 1 0 1 0 0 1 1 1 

Tile 1033:
0 0 1 0 0 0 0 0 0 1 
1 0 0 0 0 1 0 1 0 0 
1 0 1 0 1 0 1 1 1 0 
1 0 1 0 1 1 0 1 0 1 
0 1 0 1 0 0 1 1 0 0 
0 0 0 1 1 0 0 0 1 1 
1 1 1 1 1 0 0 0 0 0 
0 0 0 1 0 0 0 1 1 0 
1 1 1 1 0 0 0 0 1 1 
1 1 0 0 1 1 0 1 1 1 

Tile 3089:
0 1 0 0 0 1 1 0 0 1 
0 0 0 0 0 0 0 0 0 1 
1 0 1 0 0 0 0 0 1 1 
0 0 0 0 1 1 1 1 0 1 
0 0 0 0 0 1 0 0 1 0 
0 1 1 0 1 1 0 0 1 1 
1 0 0 0 0 0 1 0 0 1 
1 0 0 1 0 0 0 0 0 0 
1 0 1 0 1 0 0 0 1 1 
1 0 1 0 0 0 1 1 0 0 

Tile 2297:
1 0 1 0 1 0 1 1 1 1 
1 1 0 0 1 0 0 0 0 0 
1 0 0 0 1 0 0 0 0 0 
0 0 0 0 0 0 0 0 0 0 
0 0 0 0 0 1 0 0 0 0 
0 0 1 0 1 0 0 0 1 0 
0 0 0 0 0 1 0 1 0 1 
0 0 0 0 0 0 1 1 0 1 
1 0 0 1 0 0 0 1 1 1 
0 0 0 0 0 0 0 1 0 1 

Tile 3259:
0 1 1 1 1 0 0 0 0 0 
0 1 1 0 1 0 0 1 0 0 
1 0 0 0 0 0 0 0 0 1 
0 1 0 1 1 0 0 1 0 1 
1 0 1 1 1 0 1 0 1 0 
1 0 1 0 0 0 0 1 1 0 
1 0 0 0 0 0 0 0 0 1 
1 0 0 0 0 0 1 0 1 0 
1 0 0 0 0 0 0 0 1 1 
1 0 1 0 0 0 0 0 0 0 

Tile 3457:
1 0 1 1 1 1 0 0 1 0 
1 1 0 0 0 0 0 0 1 1 
1 0 0 0 0 1 1 0 1 0 
1 0 0 0 0 0 0 0 1 0 
1 1 1 1 1 1 0 0 0 0 
0 0 0 0 0 1 0 1 1 0 
0 0 1 0 0 1 0 0 0 0 
1 0 0 1 1 1 1 1 0 1 
1 0 0 1 0 0 0 1 0 0 
0 1 0 1 1 0 0 0 1 1 

Tile 1423:
1 1 0 1 0 1 0 1 1 1 
0 0 0 0 0 0 0 0 0 1 
0 0 1 1 1 1 0 1 1 0 
1 0 0 0 0 0 0 1 0 0 
0 0 0 1 0 1 0 0 0 0 
1 0 1 0 0 1 1 0 0 0 
1 0 0 0 0 0 1 0 1 1 
0 1 1 0 0 1 1 1 1 1 
1 1 1 1 1 0 1 0 1 0 
0 1 1 1 1 1 1 0 1 1 

Tile 2741:
0 1 0 0 1 0 0 1 0 1 
0 0 0 0 1 1 0 0 1 0 
1 0 0 1 0 0 1 1 1 1 
1 0 0 0 1 0 0 0 1 1 
1 0 0 0 1 1 0 1 0 0 
1 0 0 0 1 0 0 1 1 0 
1 1 0 0 0 0 0 0 0 0 
1 0 0 1 1 1 1 1 0 0 
0 0 1 1 0 0 0 0 0 1 
1 1 0 0 1 1 1 0 1 0 

Tile 3187:
1 1 1 1 0 1 0 0 0 1 
0 0 0 0 0 0 0 1 0 0 
1 0 0 0 0 0 0 0 0 1 
1 0 0 1 1 0 0 1 0 0 
0 1 1 0 1 0 0 0 1 0 
0 0 1 0 1 1 1 0 0 0 
1 0 0 1 1 0 0 0 0 1 
0 0 0 0 1 0 1 1 0 1 
1 0 0 0 0 0 0 0 0 1 
0 1 1 1 0 0 1 1 0 0 

Tile 1117:
1 1 1 0 1 0 1 0 1 1 
0 1 0 0 0 0 0 1 1 1 
1 0 0 0 0 1 0 0 0 1 
0 1 0 0 0 0 0 0 0 1 
1 1 0 0 1 1 0 0 1 1 
1 1 0 1 1 0 0 0 1 0 
1 1 0 1 0 1 0 0 0 1 
1 0 0 1 1 1 1 0 0 1 
0 0 1 0 0 1 0 0 0 1 
0 1 0 1 1 1 0 1 1 0 

Tile 3271:
0 0 0 0 0 1 0 0 1 0 
0 0 0 0 0 0 1 1 0 0 
0 1 1 1 0 1 0 1 0 1 
1 1 0 0 1 0 0 0 0 1 
1 0 1 0 0 0 1 1 0 0 
0 0 0 0 0 0 0 0 0 1 
0 1 0 0 0 1 0 0 0 0 
0 1 0 0 1 0 1 1 0 1 
0 0 0 0 0 0 0 0 0 0 
0 1 0 1 0 0 0 0 1 1 

Tile 3067:
0 0 1 0 1 1 1 0 1 0 
0 0 1 1 0 0 0 1 0 1 
0 0 1 0 0 0 1 0 1 1 
1 0 0 0 0 0 0 0 1 0 
1 0 0 1 0 1 0 0 1 1 
0 0 1 1 0 0 1 0 1 0 
0 0 0 0 0 1 0 1 0 0 
1 0 0 0 0 0 0 0 0 0 
1 0 1 0 0 0 0 0 0 1 
0 1 1 0 1 0 1 1 0 0 

Tile 1429:
0 0 1 0 1 1 0 1 0 1 
0 0 0 0 0 0 0 0 0 0 
0 1 0 1 1 0 1 0 1 0 
1 1 0 0 0 1 1 1 0 0 
1 1 0 1 0 0 0 1 0 1 
1 0 0 0 0 0 1 0 1 0 
1 1 0 0 0 0 0 0 0 0 
1 1 0 0 0 1 0 0 0 1 
0 0 0 0 0 1 1 0 0 1 
1 1 0 1 0 1 1 1 0 1 

Tile 1801:
1 0 0 0 0 0 0 1 1 1 
1 0 0 0 0 0 0 0 0 0 
1 0 0 0 1 0 0 0 0 0 
1 0 0 0 0 0 0 0 0 1 
1 0 0 0 0 0 0 1 0 0 
1 0 0 0 0 0 0 0 1 0 
1 0 0 1 0 0 0 0 0 0 
0 0 1 0 1 0 0 1 1 1 
0 0 0 0 0 0 0 0 1 1 
0 0 1 0 0 1 0 0 0 1 

Tile 3853:
1 1 1 0 0 0 1 0 1 1 
1 0 0 0 1 0 0 1 0 0 
0 0 0 0 1 0 0 0 1 0 
1 0 1 0 0 0 0 1 0 1 
0 0 0 0 0 0 1 0 0 0 
1 0 0 0 1 1 0 1 1 1 
0 1 0 1 0 1 0 0 0 1 
1 0 0 1 1 0 1 0 1 1 
0 0 0 0 1 1 0 0 0 1 
1 0 0 0 1 1 1 1 0 1 

Tile 3109:
0 0 1 0 0 0 1 1 0 1 
1 0 1 0 0 1 1 0 1 0 
1 0 1 1 0 1 1 0 0 1 
0 0 1 0 1 1 0 0 0 1 
0 0 0 0 0 1 0 0 1 1 
1 1 1 0 1 0 0 1 1 1 
0 1 1 0 1 0 1 0 1 0 
0 0 0 1 0 1 0 1 1 0 
1 0 0 1 1 0 0 1 0 1 
1 0 1 1 0 0 1 1 1 1 

Tile 1301:
0 1 1 0 0 1 0 1 1 1 
1 1 0 0 1 0 0 0 1 1 
1 0 0 0 1 0 0 1 0 0 
0 0 1 0 1 0 0 0 0 1 
0 0 1 0 0 0 0 1 0 0 
1 0 1 0 1 0 1 0 0 1 
1 0 1 0 0 0 0 1 0 0 
0 0 0 0 0 0 0 0 0 1 
0 0 0 0 0 1 0 0 1 0 
1 0 0 1 0 1 1 0 1 1 

Tile 2017:
0 0 0 0 1 1 0 1 1 1 
1 0 0 0 0 0 0 0 0 1 
1 1 0 0 0 0 0 0 0 0 
0 0 0 1 0 0 0 1 0 1 
0 0 0 0 0 0 0 1 1 1 
0 1 1 1 0 0 0 1 1 1 
0 0 0 0 0 0 1 1 0 0 
0 1 0 1 1 0 0 0 0 0 
0 1 0 0 0 0 1 1 1 1 
1 0 0 0 0 0 1 0 0 1 

Tile 2621:
0 0 0 1 0 1 0 1 1 1 
1 1 1 0 0 1 0 1 1 1 
0 0 1 0 1 0 1 0 1 1 
0 0 0 0 0 0 0 1 0 0 
0 1 0 0 0 0 0 0 0 1 
1 0 1 0 0 0 0 1 1 1 
1 0 0 0 1 0 0 0 1 0 
0 1 0 1 0 0 1 0 0 0 
1 0 1 0 0 0 1 1 0 0 
1 1 1 1 0 0 1 0 0 1 

Tile 3697:
0 0 0 1 1 0 0 1 1 0 
0 0 1 0 0 0 0 0 0 1 
1 1 0 0 1 0 1 0 0 0 
1 0 0 0 0 1 1 1 0 0 
0 0 1 0 1 0 0 1 0 0 
1 1 0 1 0 1 1 0 0 1 
0 1 0 1 0 0 0 0 0 1 
1 0 0 1 0 0 0 0 0 1 
1 1 0 0 0 0 0 0 1 0 
1 1 0 0 0 1 1 1 0 1 

Tile 2711:
1 1 0 0 1 1 1 0 0 0 
1 0 0 0 0 1 0 1 0 0 
1 1 0 0 1 1 0 1 0 0 
1 0 0 0 1 0 0 0 1 1 
1 0 0 1 0 0 1 0 0 0 
0 1 0 0 0 0 1 0 0 1 
1 1 0 1 0 0 1 0 0 0 
1 0 1 1 0 0 0 0 0 1 
0 0 0 0 0 0 0 0 0 0 
1 0 1 1 1 0 0 1 0 1 

Tile 3533:
0 0 0 1 0 0 1 0 1 1 
0 0 1 0 1 0 0 0 0 1 
1 1 0 1 0 1 0 0 0 0 
0 1 0 1 0 1 0 0 0 1 
0 0 0 0 0 1 0 0 1 1 
1 1 0 0 0 0 1 1 1 0 
1 1 0 1 1 0 0 0 0 1 
0 1 1 0 0 0 1 0 0 1 
0 0 0 0 1 1 0 1 0 1 
1 0 1 0 0 1 1 1 1 1 

Tile 1907:
1 0 1 1 1 1 1 1 0 0 
1 0 0 0 0 0 0 0 1 0 
0 0 0 0 0 0 1 1 1 1 
1 0 1 0 1 0 1 1 0 1 
0 0 0 0 0 0 0 0 0 0 
0 0 0 0 0 0 1 0 1 1 
1 0 1 0 0 1 0 0 0 1 
1 0 0 0 1 0 0 1 1 1 
0 0 0 1 1 0 0 0 0 0 
1 1 0 0 0 1 0 1 1 0 

Tile 2213:
1 1 1 1 0 1 1 1 0 1 
1 1 0 0 0 0 0 0 0 0 
1 0 0 0 0 0 1 0 0 0 
0 0 1 0 0 0 0 1 0 0 
0 0 0 0 0 1 0 0 0 1 
0 0 0 0 1 1 0 0 0 0 
0 0 0 1 0 1 0 0 1 1 
0 0 0 0 1 0 1 0 0 1 
1 1 0 0 0 0 0 1 1 0 
1 0 0 0 0 1 1 0 1 1 

Tile 1229:
0 1 0 1 0 1 1 0 0 1 
0 0 0 0 1 1 0 0 0 1 
0 0 0 0 0 0 1 0 0 1 
0 1 0 0 0 0 0 0 0 1 
0 0 1 0 1 0 0 0 0 0 
1 0 0 0 0 1 0 0 0 0 
1 0 1 1 0 0 0 0 0 1 
0 1 1 0 0 0 0 0 0 1 
1 1 0 1 0 0 1 0 0 1 
1 0 0 1 0 0 1 0 1 0 

Tile 3797:
1 0 0 1 1 0 1 1 1 1 
0 1 1 0 0 1 1 1 0 0 
1 0 0 0 0 0 0 0 0 0 
0 0 0 0 0 0 0 1 1 0 
0 1 1 0 0 1 0 0 0 0 
1 0 1 0 1 1 0 0 0 1 
1 0 0 0 0 1 0 0 0 1 
1 0 0 0 0 0 0 0 0 0 
0 0 1 0 0 0 1 0 0 1 
1 1 0 1 0 0 0 1 1 0 

Tile 1087:
1 1 0 0 1 1 1 1 1 1 
0 1 0 0 1 0 0 0 1 1 
1 1 0 1 1 0 1 0 1 0 
0 0 0 0 1 0 0 0 0 0 
0 0 0 0 0 0 0 0 0 0 
0 0 1 1 1 1 0 1 1 1 
1 1 0 1 1 1 0 1 0 0 
0 0 0 0 1 0 0 0 1 0 
1 0 0 0 0 0 0 1 0 1 
1 0 1 1 1 1 0 1 0 1 

Tile 2687:
0 0 0 0 0 0 1 0 0 0 
0 1 0 1 0 0 0 1 0 1 
1 0 0 1 0 1 0 0 0 1 
1 0 0 0 1 0 1 0 1 1 
0 1 0 0 0 0 1 1 0 1 
1 1 0 0 0 0 1 0 0 0 
1 0 1 0 0 0 0 1 0 0 
1 1 0 0 0 1 0 0 0 0 
1 0 0 0 0 0 0 0 0 1 
1 1 0 1 1 0 1 1 1 1 

Tile 1051:
1 0 1 1 1 1 1 0 0 1 
1 0 1 0 0 0 1 0 0 1 
1 0 0 0 1 0 0 1 0 1 
0 1 0 1 1 0 0 1 0 1 
0 0 0 0 0 0 1 1 0 0 
1 0 0 0 1 1 0 0 0 0 
0 0 0 0 0 0 0 0 1 0 
1 1 0 0 0 0 0 0 0 1 
1 0 0 0 0 0 0 1 0 0 
0 1 0 0 0 1 1 1 0 1 

Tile 3739:
1 1 0 1 0 1 1 1 1 0 
1 0 0 0 1 1 1 0 0 0 
0 1 1 1 0 0 0 1 0 0 
1 1 1 0 0 0 0 0 0 0 
0 0 0 0 0 0 0 0 0 1 
1 0 0 0 0 1 0 0 1 0 
0 0 0 0 0 1 0 0 0 1 
0 0 1 0 0 0 0 0 0 1 
0 0 0 0 1 0 0 0 0 0 
1 1 1 1 1 0 1 0 1 1 

Tile 2087:
0 0 0 1 1 1 1 1 0 1 
0 1 1 0 1 0 0 0 0 1 
1 0 0 0 1 0 0 1 1 0 
1 0 1 1 0 0 0 0 0 1 
0 0 0 0 0 0 1 0 0 0 
1 0 1 0 1 0 0 1 0 0 
0 0 1 1 0 0 1 0 1 0 
1 0 0 1 0 0 0 1 1 1 
1 1 0 0 0 0 0 1 0 0 
0 1 1 0 1 0 0 1 1 1 

Tile 2683:
0 0 1 0 0 0 0 0 1 0 
0 0 1 0 1 0 1 0 0 1 
1 1 0 0 0 0 0 0 0 1 
0 1 0 0 1 0 0 0 1 0 
1 0 0 1 0 1 0 0 0 1 
1 0 0 0 1 1 1 1 1 1 
1 0 0 0 1 1 0 1 0 0 
1 1 0 0 1 1 0 0 0 0 
1 0 0 0 0 1 0 1 0 0 
0 1 1 1 1 1 0 1 1 1 

Tile 2137:
1 1 1 0 1 0 0 0 0 1 
0 0 0 0 0 1 0 0 1 1 
0 0 0 0 0 0 0 0 0 0 
0 0 1 1 0 0 0 1 0 0 
0 1 0 0 1 1 0 0 1 1 
1 0 0 1 1 0 0 1 0 0 
1 1 0 0 1 0 0 0 0 0 
0 0 0 1 0 0 0 0 0 1 
0 1 0 0 0 1 1 0 0 0 
1 1 0 0 0 0 1 1 1 1 

Tile 1031:
1 1 1 1 1 1 1 0 0 0 
1 0 0 0 0 0 0 1 0 0 
0 0 0 1 1 1 0 1 1 0 
0 1 0 0 0 1 0 1 0 1 
1 1 0 0 1 0 1 0 0 1 
0 1 0 0 0 0 0 0 0 1 
0 1 0 0 0 0 0 0 0 0 
0 0 0 0 0 0 0 1 0 0 
1 1 0 0 1 0 1 1 0 1 
1 0 1 1 0 0 1 1 0 0 

Tile 2887:
0 0 0 0 0 1 1 0 1 1 
0 0 0 0 0 1 0 0 1 1 
0 1 1 0 0 0 0 0 1 1 
0 0 0 1 0 1 0 1 0 1 
1 0 0 0 1 0 0 0 0 1 
1 0 0 0 0 0 0 1 1 0 
0 0 0 0 0 0 0 0 0 1 
0 1 0 0 1 1 0 0 1 1 
1 0 1 0 0 0 1 0 1 1 
1 1 0 0 0 1 1 0 1 1 

Tile 2729:
1 1 1 1 0 1 0 0 1 1 
1 0 0 0 1 1 0 0 1 0 
1 0 0 0 1 1 0 1 1 0 
0 0 0 1 0 0 0 0 0 1 
0 0 1 0 0 1 0 1 0 0 
0 1 1 0 0 1 1 0 0 1 
0 1 1 1 0 1 1 0 0 0 
1 1 0 0 0 0 0 0 0 0 
0 1 1 0 0 0 1 1 0 0 
1 0 0 1 1 0 0 1 0 1 

Tile 3517:
1 0 1 0 0 1 1 0 1 1 
1 0 0 0 0 0 0 0 1 1 
0 0 1 0 1 0 0 1 0 0 
0 1 0 0 0 0 0 1 0 0 
0 0 1 0 1 1 0 1 1 0 
1 0 1 0 0 0 0 0 0 1 
1 1 0 1 0 0 0 0 0 0 
1 0 1 0 1 1 0 0 1 1 
1 0 1 0 0 0 0 1 0 0 
1 1 1 0 0 1 1 0 0 1 

Tile 3191:
1 1 0 0 0 1 1 1 0 0 
1 1 0 0 0 1 1 0 0 0 
1 0 0 1 0 0 0 1 0 1 
1 1 0 0 1 1 1 1 0 1 
1 1 1 0 0 0 1 0 0 1 
0 0 1 1 0 0 0 1 0 0 
0 0 0 0 1 1 0 1 1 0 
1 1 0 0 0 1 1 0 0 0 
1 0 1 1 1 0 1 1 0 0 
0 1 0 0 1 0 0 0 0 1 

Tile 1381:
1 0 0 1 0 1 0 1 0 1 
0 0 0 0 1 0 0 0 0 1 
1 0 1 1 0 0 1 0 0 1 
1 0 1 1 0 0 0 1 1 0 
0 1 0 0 1 0 0 0 0 0 
1 0 0 0 1 0 0 0 0 1 
1 0 0 0 0 0 1 0 0 1 
1 1 1 1 0 0 1 1 0 0 
1 1 1 0 1 1 0 1 1 1 
1 0 0 0 0 0 1 1 0 1 

Tile 2111:
0 1 0 1 0 1 0 0 1 0 
0 0 0 0 0 1 0 1 0 0 
0 0 0 1 0 0 0 0 0 0 
1 1 0 0 0 1 1 0 0 0 
1 1 0 1 0 0 0 1 0 1 
1 0 1 0 0 1 1 0 0 1 
0 1 1 1 1 0 0 0 0 1 
0 0 0 1 1 1 1 1 0 1 
1 0 1 0 0 0 0 0 0 0 
1 0 1 0 0 1 1 1 0 0 

Tile 3541:
1 1 1 1 0 1 1 1 0 1 
0 0 1 0 0 0 0 0 1 1 
1 0 0 1 0 1 0 0 0 1 
0 1 0 1 1 0 1 1 0 1 
0 1 0 0 0 1 0 0 0 1 
0 0 0 0 0 0 0 0 0 0 
1 0 1 0 0 1 0 1 0 0 
1 0 0 0 0 0 0 0 0 0 
1 0 0 1 0 0 0 1 1 0 
0 1 1 1 1 1 1 1 1 1 

Tile 1997:
1 1 1 1 1 0 1 0 1 1 
0 1 0 1 0 0 1 0 1 1 
1 1 0 0 1 0 1 0 1 0 
1 1 0 1 1 0 0 1 0 1 
1 1 0 0 1 0 0 0 0 1 
0 1 0 1 1 0 0 0 0 1 
0 0 0 0 0 0 0 0 0 0 
1 0 1 1 0 0 0 1 1 0 
1 0 0 0 0 0 0 0 0 0 
1 0 1 0 1 1 0 0 0 1 

Tile 1597:
1 1 1 1 0 1 0 1 0 1 
1 1 0 0 0 0 0 1 1 0 
1 1 0 0 0 1 0 1 0 0 
0 0 0 0 0 0 1 0 0 0 
0 1 0 0 0 0 1 0 0 1 
0 1 1 0 0 0 1 0 0 0 
1 0 0 0 0 1 0 0 0 0 
0 0 0 0 0 0 1 0 0 0 
1 0 0 1 0 1 0 0 1 0 
0 0 0 1 0 1 1 0 1 1 

Tile 2347:
1 1 0 1 0 0 0 0 0 1 
1 0 0 0 1 0 1 0 1 1 
1 0 0 1 0 0 0 0 0 0 
0 1 0 0 0 1 0 0 0 1 
0 0 0 1 0 0 0 0 1 0 
1 0 1 0 0 0 1 0 0 0 
1 0 0 0 0 0 0 0 1 1 
1 0 0 0 0 1 0 0 0 0 
1 0 0 0 0 0 0 0 0 0 
1 0 1 1 0 1 1 0 1 1 

Tile 3767:
1 1 0 1 0 1 0 0 1 1 
0 0 0 0 1 1 0 1 0 0 
1 0 0 0 1 1 1 0 1 0 
1 0 1 0 1 0 0 0 0 0 
1 0 0 0 0 0 0 1 0 0 
0 0 0 1 1 0 0 1 1 1 
0 1 0 0 0 1 1 0 1 0 
0 0 0 0 0 0 1 0 0 0 
0 0 1 0 0 1 1 0 0 0 
0 1 0 1 0 1 0 0 1 1 

Tile 2003:
0 0 0 1 1 1 1 1 0 0 
1 0 1 0 1 0 1 0 0 0 
1 0 1 0 0 1 0 0 0 1 
1 0 1 0 0 1 1 1 1 1 
1 0 0 0 1 0 0 1 0 0 
1 0 1 1 0 0 0 0 0 1 
1 1 0 0 0 1 1 1 0 1 
1 0 0 0 0 0 0 0 1 0 
0 0 0 1 0 0 0 0 1 1 
0 0 1 0 1 1 1 0 1 0 

Tile 1523:
1 0 0 0 1 1 0 0 0 0 
0 0 0 1 0 0 0 0 1 0 
0 1 1 0 1 1 0 1 1 1 
1 0 0 0 0 0 0 1 1 0 
0 0 0 0 0 0 0 0 0 1 
0 0 0 1 0 0 0 0 0 1 
1 0 1 0 0 0 0 1 0 0 
1 1 1 0 0 0 0 0 1 1 
1 1 0 0 0 1 0 0 1 1 
0 0 0 1 1 0 1 1 0 1 

Tile 3079:
0 0 0 1 1 0 0 0 0 1 
0 1 0 0 1 0 1 1 0 1 
1 0 1 1 0 1 1 1 1 1 
1 0 1 0 0 0 0 0 0 0 
0 1 0 0 0 0 0 0 0 1 
0 0 0 1 1 0 0 0 0 0 
1 0 0 0 0 1 0 0 0 1 
1 0 0 0 1 1 1 1 0 1 
1 0 0 0 1 1 1 0 0 0 
1 0 0 0 1 0 1 0 1 1 

Tile 1069:
0 0 0 0 0 0 0 0 1 1 
0 1 0 0 1 1 1 0 0 1 
1 0 0 0 1 0 0 0 0 0 
1 0 0 0 0 0 0 0 0 0 
0 0 0 0 0 0 0 1 0 0 
0 0 1 0 0 1 1 1 0 1 
1 0 0 1 0 0 1 0 0 1 
0 0 0 1 1 1 0 1 0 1 
0 0 1 1 0 0 0 1 0 0 
1 0 1 0 1 1 0 0 0 0 

Tile 2089:
1 1 0 0 0 1 0 0 1 0 
0 0 1 0 0 1 1 0 0 1 
0 0 0 0 0 0 1 0 0 0 
0 0 0 0 0 0 0 1 0 1 
1 0 1 1 1 1 0 0 0 0 
0 0 0 1 0 0 0 0 0 0 
1 0 0 0 0 0 0 1 0 0 
1 0 0 0 1 1 1 0 1 0 
0 0 0 1 1 0 0 1 0 1 
1 1 0 1 1 0 1 1 1 0 

Tile 3863:
1 1 0 0 0 0 1 0 1 1 
0 1 1 0 0 0 0 0 0 1 
1 0 0 0 0 0 0 0 0 1 
0 0 0 0 1 1 0 0 1 0 
0 0 0 0 0 0 0 1 0 1 
1 1 0 0 1 1 0 0 1 1 
0 0 1 1 0 0 0 0 0 1 
0 1 1 1 0 1 0 0 0 0 
1 0 1 0 0 0 0 0 0 0 
0 0 1 1 1 0 0 1 1 0 

Tile 2663:
0 1 0 1 0 1 1 0 1 1 
0 0 0 0 1 0 0 0 0 0 
1 1 0 1 1 0 0 0 1 1 
0 0 1 0 0 0 0 0 0 0 
1 1 0 1 0 0 0 1 0 1 
1 0 0 0 0 1 1 0 0 1 
1 0 0 0 1 0 0 1 1 1 
0 0 0 0 0 1 1 0 0 0 
1 0 0 0 0 0 0 0 0 1 
1 0 1 1 1 0 1 0 0 0 

Tile 1019:
0 0 1 0 0 0 0 1 1 1 
1 0 0 1 0 1 0 0 1 0 
0 0 0 0 0 1 0 0 0 1 
0 0 0 0 1 0 1 0 0 0 
0 0 1 0 1 0 0 0 0 1 
0 0 1 0 1 1 0 0 0 1 
0 0 1 0 0 1 0 0 0 1 
0 1 1 0 0 0 0 1 0 0 
0 0 1 0 0 0 0 1 1 1 
1 0 1 1 0 1 1 0 1 0 

Tile 3709:
1 0 0 1 0 0 0 0 1 0 
1 1 0 1 1 0 0 0 0 0 
1 0 0 0 0 0 0 0 1 1 
0 1 0 1 0 0 0 1 0 1 
0 1 1 0 1 1 1 1 0 1 
1 0 0 1 0 1 1 1 0 0 
1 0 0 1 0 1 1 1 1 1 
1 0 0 0 0 0 0 0 0 1 
0 0 0 0 0 0 0 0 0 0 
0 1 1 0 0 1 1 1 0 0 

Tile 3023:
1 1 0 1 1 1 0 1 0 1 
0 0 1 1 1 0 0 0 0 1 
1 0 0 0 1 1 0 0 0 1 
1 0 0 0 0 0 0 0 0 1 
0 1 0 1 0 0 0 0 0 1 
1 0 0 0 0 0 1 0 0 1 
0 0 0 0 0 0 0 0 0 0 
1 0 0 1 0 1 0 0 0 0 
1 0 0 0 1 0 1 0 0 1 
1 0 0 1 1 1 1 1 0 1 

Tile 3623:
0 0 1 0 1 0 0 1 0 1 
1 0 1 0 1 0 0 0 0 1 
0 0 0 0 0 0 1 0 0 0 
1 0 0 0 1 0 0 0 0 1 
1 0 0 0 0 0 0 0 0 1 
1 1 0 0 1 0 0 0 0 0 
1 0 1 1 0 0 0 0 0 1 
0 0 1 0 1 0 0 0 0 0 
0 0 1 0 0 0 0 0 0 1 
1 0 1 1 0 0 1 0 0 1 

Tile 2161:
0 1 1 1 1 1 1 0 1 0 
0 0 0 0 0 0 0 0 0 1 
1 0 0 1 0 1 0 0 0 1 
0 1 1 0 0 0 0 0 0 0 
0 0 0 0 0 1 0 1 0 1 
0 0 0 0 0 0 1 0 1 1 
1 0 1 1 1 1 1 0 0 0 
1 1 0 1 0 0 0 0 0 0 
1 0 1 1 0 0 0 1 0 1 
1 0 1 0 1 1 1 1 1 0 

Tile 3037:
1 1 0 0 0 0 0 1 1 1 
0 0 0 1 0 0 0 0 0 0 
1 0 1 0 1 0 0 1 0 0 
0 0 0 1 0 1 0 0 1 0 
0 0 0 0 0 1 0 1 0 1 
1 0 0 0 1 0 0 0 1 0 
0 0 1 0 1 0 0 0 1 1 
1 0 0 0 0 1 1 1 1 1 
0 0 0 0 1 0 0 0 0 1 
0 0 0 1 1 0 0 0 1 1 

Tile 2539:
1 0 1 1 0 0 1 1 0 0 
0 1 1 0 0 1 0 1 1 1 
1 0 1 1 1 1 1 0 0 0 
0 1 0 0 0 1 1 0 0 0 
1 1 0 1 1 1 0 0 0 1 
1 0 0 0 0 0 0 0 0 0 
1 0 0 0 0 0 1 1 1 1 
0 1 0 1 0 0 0 0 1 1 
1 0 0 0 0 0 1 0 0 0 
1 1 0 1 0 1 1 1 1 0 

Tile 1361:
1 0 0 1 1 1 0 1 1 1 
0 0 0 1 0 0 1 0 0 0 
0 0 0 0 0 1 0 1 0 1 
0 0 0 0 0 0 0 1 1 1 
1 0 1 0 0 0 0 0 0 1 
1 0 1 0 0 0 1 0 0 1 
1 1 1 0 0 0 0 0 0 1 
1 1 0 1 0 0 0 0 1 0 
1 0 0 0 1 0 1 0 0 1 
1 0 0 0 0 0 0 1 0 0 

Tile 1873:
0 0 0 1 0 1 0 0 1 0 
1 1 1 0 0 0 0 0 0 1 
1 0 1 0 1 0 1 1 1 1 
1 0 0 0 0 0 0 0 0 1 
1 0 0 1 0 1 0 1 0 1 
0 0 1 0 0 0 0 0 1 1 
1 0 0 0 0 1 0 0 1 0 
0 0 0 1 0 0 0 0 0 0 
0 0 0 0 0 0 0 0 0 0 
1 1 0 0 0 0 1 0 0 1 

Tile 3701:
0 1 0 0 1 0 1 0 0 0 
0 1 0 0 0 1 0 1 0 0 
1 1 1 1 0 1 0 0 1 1 
1 0 1 1 1 0 0 0 1 1 
1 0 0 0 1 1 1 0 0 0 
1 0 0 1 0 0 0 0 0 0 
0 0 0 0 0 0 0 1 1 0 
1 0 0 0 0 1 0 0 1 0 
1 1 0 0 1 1 1 0 0 0 
0 1 0 1 0 1 1 1 1 0 

Tile 3557:
1 1 0 1 1 1 1 1 0 1 
1 1 1 1 0 0 0 0 0 1 
0 0 1 1 0 0 0 0 0 0 
1 1 1 0 1 1 0 0 1 0 
1 1 1 1 1 0 0 0 0 0 
0 0 0 0 0 0 1 0 1 1 
0 0 0 0 1 0 1 1 0 1 
0 0 0 0 1 0 1 0 0 0 
0 0 1 1 0 1 0 0 0 0 
1 1 0 1 1 0 1 0 1 1 

Tile 2659:
0 1 0 1 0 0 1 0 1 1 
0 1 0 0 0 0 0 1 1 1 
1 1 0 0 0 0 1 0 1 0 
1 0 1 1 0 0 1 0 0 1 
0 0 0 1 1 0 0 0 0 0 
1 1 1 0 0 0 0 0 0 0 
1 0 0 1 0 0 0 0 0 1 
1 1 0 1 1 1 1 1 0 1 
0 0 1 1 0 1 0 0 1 1 
1 0 0 1 1 1 1 0 1 1 

Tile 2269:
1 0 1 0 1 0 1 0 1 0 
1 0 0 1 0 1 0 0 0 1 
1 1 0 0 1 0 1 0 1 0 
1 0 0 0 0 1 0 1 0 0 
1 0 0 1 0 0 0 0 1 1 
0 1 1 0 0 1 1 0 0 1 
0 1 0 1 0 0 0 1 0 1 
1 0 0 0 1 1 0 0 1 0 
1 0 0 0 0 0 0 1 0 1 
1 1 0 1 0 1 0 0 1 1 

Tile 3121:
1 0 0 0 1 1 0 0 1 0 
1 0 1 0 0 0 0 0 1 0 
0 0 1 0 0 0 0 0 0 1 
0 1 1 0 0 1 0 0 1 1 
1 1 0 0 0 0 1 1 0 0 
1 1 0 0 1 0 0 1 0 0 
1 0 0 0 0 0 0 0 0 1 
0 1 1 1 0 1 1 1 1 0 
1 1 0 0 0 0 0 1 0 1 
1 0 1 0 0 0 1 0 0 1 

Tile 2939:
0 0 1 1 0 1 0 1 1 1 
0 0 0 1 1 0 0 0 0 1 
1 0 1 0 0 0 1 0 1 1 
1 1 0 0 1 1 0 0 0 1 
1 0 0 1 1 1 1 0 0 1 
1 0 0 0 0 1 0 0 0 1 
1 0 1 0 0 0 0 0 0 0 
1 0 1 0 0 0 1 0 0 1 
1 0 0 0 0 0 0 0 1 0 
0 0 0 1 0 0 1 0 1 1 

Tile 3967:
0 1 0 0 0 0 0 1 1 0 
1 0 1 0 1 0 0 0 0 0 
0 0 1 1 1 1 1 0 0 1 
0 0 1 1 0 1 0 0 1 1 
0 1 0 0 0 1 0 0 0 0 
1 0 0 0 0 0 1 0 0 0 
0 0 0 0 1 0 1 0 0 0 
0 0 0 1 1 0 1 0 0 1 
0 0 0 1 1 0 0 1 0 0 
1 1 0 0 0 1 0 0 0 1 

Tile 2113:
1 0 0 1 1 0 1 1 1 0 
0 0 0 0 0 0 0 0 1 0 
1 1 1 0 0 1 1 1 0 1 
0 0 0 0 0 0 0 1 0 0 
1 0 0 1 1 0 1 0 1 0 
0 0 1 1 0 0 0 1 0 0 
1 1 1 0 0 0 0 0 1 1 
0 0 0 0 1 0 0 0 1 0 
1 1 0 0 1 1 0 1 0 0 
0 0 0 1 1 0 1 0 1 0 

Tile 1871:
0 0 1 0 0 1 1 1 1 1 
0 1 0 0 1 0 1 1 0 1 
0 0 0 0 0 1 0 0 1 0 
1 1 0 1 0 0 0 0 1 0 
0 1 1 0 0 0 0 1 0 0 
1 0 0 0 0 1 0 0 1 0 
0 0 0 1 0 0 0 0 0 0 
0 1 0 0 1 0 0 0 0 0 
1 0 0 1 0 0 0 0 0 1 
1 1 0 1 0 1 0 0 0 0 

Tile 2531:
0 0 1 0 1 0 0 1 1 0 
1 0 0 0 0 0 1 0 0 1 
1 0 1 0 0 0 0 0 0 0 
0 0 0 1 1 0 1 1 0 1 
0 1 1 0 0 1 0 1 0 0 
1 0 0 0 1 1 0 0 0 1 
0 0 0 0 0 0 1 1 0 1 
0 0 1 0 0 0 0 0 0 0 
1 0 1 0 0 0 0 0 1 1 
1 1 0 1 0 0 1 1 0 0 

Tile 2543:
1 0 1 0 0 1 0 0 1 1 
1 1 0 1 1 0 1 0 0 0 
0 0 0 1 0 1 1 0 0 0 
1 0 1 0 0 0 0 0 0 1 
0 1 0 1 0 0 0 1 0 1 
0 0 1 1 0 1 0 0 0 1 
1 1 1 0 1 0 0 0 1 1 
1 0 1 1 0 0 1 0 0 1 
1 0 1 1 0 0 0 1 0 0 
0 1 0 1 1 1 0 0 0 0 

Tile 3041:
0 1 1 1 0 0 0 0 0 0 
0 0 0 0 0 0 0 0 0 1 
1 0 0 1 1 0 0 0 0 0 
1 1 0 1 0 0 0 0 1 1 
1 1 1 0 0 1 0 1 1 1 
0 0 0 1 0 1 1 0 1 0 
0 1 1 0 0 0 1 1 0 1 
1 0 0 0 1 0 0 0 0 1 
1 1 1 0 0 0 1 1 0 1 
1 1 1 1 0 0 1 0 0 1 

Tile 1559:
1 1 0 0 1 1 0 0 0 0 
1 0 1 1 0 0 0 0 1 0 
0 1 0 1 0 0 0 0 0 0 
0 0 0 0 0 0 0 0 0 0 
1 0 0 0 1 0 1 0 0 0 
1 0 1 1 0 0 0 0 1 1 
0 1 0 0 0 0 0 0 0 0 
1 0 0 0 0 0 1 0 1 1 
1 0 0 0 0 0 0 0 1 0 
0 0 0 0 1 0 0 1 0 1 

Tile 2617:
1 0 1 1 0 1 1 0 1 0 
0 0 0 1 0 0 0 1 0 1 
0 0 0 0 0 0 1 0 1 0 
1 0 0 1 0 0 0 0 0 0 
1 0 1 0 0 1 0 1 0 0 
0 0 0 0 0 0 1 1 0 1 
1 0 0 0 0 0 0 1 0 0 
0 1 0 0 0 0 0 1 0 0 
1 1 1 0 0 0 1 0 0 1 
1 0 1 0 0 1 1 0 0 1 

Tile 1861:
0 0 1 0 1 0 0 1 1 1 
1 1 0 0 0 0 0 1 0 0 
0 0 1 0 0 0 0 0 1 0 
1 0 0 0 0 0 0 0 0 0 
0 1 1 1 1 0 0 0 1 1 
0 0 0 1 0 0 1 1 0 1 
1 0 0 0 1 1 1 1 1 0 
0 0 0 0 1 0 1 1 0 0 
0 1 1 0 0 1 0 0 1 0 
1 0 1 1 1 1 0 1 1 0 

Tile 1747:
1 1 0 0 0 1 0 0 1 0 
1 0 0 0 0 1 0 0 0 1 
1 1 0 0 0 1 0 1 1 1 
1 0 0 0 1 0 0 0 0 0 
1 0 1 1 0 1 0 0 1 1 
0 0 0 1 0 0 0 0 0 0 
0 0 0 0 0 1 0 0 1 0 
0 0 0 1 0 1 1 0 0 0 
0 1 0 0 1 1 1 0 0 0 
1 0 0 0 1 1 1 0 0 1 

Tile 2579:
1 1 0 1 1 1 0 1 1 1 
0 0 1 0 1 0 0 1 0 1 
0 1 1 0 0 1 0 1 0 0 
1 1 0 0 1 0 1 1 1 1 
1 1 0 0 1 0 0 1 1 1 
0 0 0 1 0 1 0 0 0 1 
1 0 0 1 0 0 0 0 0 1 
0 1 1 0 1 0 0 0 1 0 
0 1 0 0 0 1 1 0 0 0 
1 0 0 0 0 1 1 0 0 1 

Tile 3761:
0 1 0 1 1 1 0 1 1 1 
1 0 0 0 0 1 0 0 0 0 
1 0 1 0 0 0 0 0 1 1 
0 1 1 1 0 0 0 1 0 1 
1 1 1 0 0 0 1 1 0 1 
0 1 1 1 0 0 0 0 0 1 
0 0 0 1 0 0 0 1 0 0 
0 0 0 0 0 1 0 1 0 1 
0 1 0 1 1 0 1 0 0 1 
1 1 0 0 1 1 1 1 0 1 

Tile 3463:
1 1 1 1 1 1 0 0 1 0 
0 1 0 0 1 1 0 0 0 1 
0 0 0 1 1 0 0 0 1 1 
0 1 0 0 0 1 1 0 1 0 
0 1 0 1 0 0 0 1 0 1 
0 0 0 0 0 0 0 0 0 1 
1 0 0 0 0 0 0 0 0 1 
0 0 1 1 0 0 0 1 0 1 
1 0 0 0 1 0 0 0 0 1 
1 0 1 1 1 0 0 0 0 0 

Tile 2521:
1 1 1 0 1 1 0 0 0 0 
1 1 1 0 1 1 0 1 0 0 
1 0 0 1 1 0 0 0 0 0 
0 0 1 0 0 0 1 0 0 1 
0 1 0 1 0 0 0 0 0 1 
1 1 0 0 0 1 0 0 0 1 
0 0 1 0 0 0 0 0 0 1 
0 0 1 0 0 1 1 0 0 1 
1 0 0 0 0 0 0 0 0 1 
1 1 1 1 1 1 1 1 1 0 

Tile 2647:
1 1 1 1 0 1 0 1 1 0 
1 0 0 1 0 1 0 0 0 1 
1 0 0 0 0 0 0 0 1 0 
0 0 0 0 0 0 0 0 0 1 
1 0 1 1 1 1 0 0 0 0 
1 0 1 0 0 1 0 0 1 0 
1 0 0 0 0 0 0 0 0 1 
1 0 1 0 0 0 0 0 0 1 
1 1 0 0 1 0 0 1 0 0 
0 0 0 1 1 0 0 0 0 0 

Tile 3847:
0 0 0 0 0 1 0 0 1 0 
1 0 0 0 0 0 1 1 1 0 
1 1 0 0 0 0 0 0 1 1 
1 1 1 0 0 0 0 0 1 1 
1 0 0 0 0 1 0 1 0 0 
1 0 1 1 0 1 1 0 0 0 
0 1 0 0 1 0 1 1 0 0 
1 0 0 0 1 0 1 1 1 1 
0 0 0 0 0 0 0 0 0 1 
0 1 1 0 1 1 1 1 0 0 

Tile 2027:
0 1 1 0 0 0 1 0 1 1 
0 0 0 1 0 0 1 1 0 0 
1 0 0 0 1 0 1 1 1 0 
1 0 0 0 0 0 0 1 1 1 
1 0 0 0 0 0 0 0 1 0 
1 0 0 0 0 1 1 1 0 1 
1 0 1 0 1 1 0 0 0 0 
0 0 0 0 0 0 0 0 0 1 
0 0 0 0 0 0 0 1 0 0 
0 0 1 0 0 1 1 0 0 1 

Tile 3347:
0 1 1 1 0 1 0 0 0 1 
0 0 0 0 1 1 0 0 0 1 
1 0 0 0 1 1 0 0 0 1 
0 1 0 1 0 1 0 0 0 1 
1 0 1 0 1 0 0 1 0 1 
1 0 1 0 0 1 0 1 1 0 
1 1 0 0 1 0 0 0 0 0 
0 0 1 0 0 1 0 1 0 0 
0 1 0 0 0 0 0 0 1 1 
0 0 1 0 0 1 1 1 1 1 

Tile 3911:
1 1 1 0 0 0 0 1 0 1 
0 0 0 0 1 1 0 1 1 0 
1 0 1 0 1 0 0 0 0 1 
0 0 0 1 0 0 0 0 0 1 
0 0 0 1 1 0 0 1 0 0 
0 0 1 1 1 0 1 0 1 0 
0 0 0 0 1 0 0 0 0 0 
1 0 0 1 1 0 0 0 0 1 
1 0 1 1 0 1 0 1 0 0 
0 1 0 0 1 1 0 0 0 1 

Tile 1741:
1 1 1 1 0 1 1 0 0 0 
0 0 0 1 1 0 0 0 1 0 
0 0 0 1 0 0 0 0 0 0 
1 0 0 0 1 1 0 0 1 0 
0 0 1 0 0 0 1 0 0 1 
1 0 0 0 0 0 0 0 0 0 
0 1 0 0 0 1 0 0 0 0 
1 0 0 1 0 1 0 0 1 1 
1 0 0 0 0 0 0 0 0 0 
1 0 0 0 1 0 0 1 0 1 

Tile 3137:
0 1 0 0 0 0 1 0 1 1 
1 0 0 0 0 0 0 1 0 0 
1 0 1 0 0 0 1 0 0 0 
1 1 0 0 0 0 1 0 0 0 
1 0 1 0 1 0 1 0 0 1 
0 0 0 0 1 0 0 0 0 1 
0 0 1 1 0 0 0 0 0 1 
1 1 0 0 0 0 0 0 0 1 
0 0 0 0 0 0 0 0 1 1 
0 0 1 0 0 1 1 1 0 1 

Tile 2417:
1 1 0 0 0 1 1 0 0 1 
1 1 0 0 0 0 0 1 0 1 
0 0 0 0 1 1 0 0 0 0 
0 1 0 0 0 1 0 0 0 1 
0 0 0 0 1 1 0 1 1 1 
1 0 0 0 1 0 0 1 0 1 
1 0 0 0 0 1 0 0 0 1 
0 0 1 0 0 0 1 0 0 1 
1 0 0 1 0 0 0 1 0 0 
0 0 0 1 0 1 1 1 1 0 

Tile 2803:
1 0 1 1 1 0 0 1 1 1 
1 0 0 0 0 1 0 0 0 1 
1 0 1 0 0 0 0 0 0 0 
1 0 0 1 1 0 0 0 0 0 
0 1 0 0 0 0 1 0 0 0 
0 1 0 0 0 1 0 0 0 0 
1 0 1 0 0 1 0 0 0 1 
1 0 1 1 0 1 1 0 0 0 
0 1 0 1 1 0 1 1 1 1 
0 1 1 1 1 0 0 0 0 0 

Tile 2267:
0 1 0 1 0 1 0 0 1 1 
0 0 1 0 1 0 0 0 0 1 
1 0 0 0 1 0 0 0 0 1 
0 0 0 1 0 0 1 1 1 0 
0 0 0 1 1 0 0 0 0 0 
1 0 1 0 0 0 0 0 0 0 
0 1 0 0 0 1 0 0 0 0 
1 1 0 0 1 0 1 0 1 0 
0 1 0 0 1 1 0 1 0 1 
1 1 1 1 0 1 0 1 1 0 

Tile 1613:
0 0 1 1 0 1 0 1 0 1 
0 0 0 0 0 0 0 1 1 0 
0 0 0 0 0 0 1 1 1 1 
0 0 0 0 0 0 1 1 0 0 
1 1 0 1 0 0 0 0 0 1 
1 0 0 0 0 0 0 0 1 1 
1 0 0 0 1 0 0 1 0 0 
0 0 0 0 0 0 0 1 0 0 
1 0 0 0 0 0 0 1 0 0 
1 0 1 0 1 0 0 0 0 1 

Tile 2777:
0 1 1 1 1 0 1 1 0 1 
1 0 0 1 0 0 0 0 0 1 
1 1 0 1 1 1 0 1 1 1 
1 1 1 0 1 0 0 0 0 0 
0 1 1 0 0 1 0 0 0 1 
0 1 0 1 0 0 0 1 0 0 
1 0 0 0 0 0 0 0 0 0 
0 0 0 1 0 0 0 1 1 1 
0 0 0 1 0 0 0 0 1 0 
1 0 1 0 1 1 1 0 0 1 

Tile 3923:
1 1 1 1 1 0 0 1 0 1 
0 0 0 0 1 0 1 0 0 1 
1 0 1 0 0 1 0 0 1 1 
0 0 0 1 1 0 0 0 0 0 
1 0 1 0 0 0 0 0 0 0 
0 0 0 0 0 0 0 0 0 1 
0 0 1 0 1 1 1 1 0 1 
1 0 1 0 0 1 1 1 1 0 
1 1 1 1 1 0 0 1 0 1 
1 0 1 1 0 1 1 1 0 1 

Tile 3919:
0 0 0 1 1 1 0 1 1 1 
1 1 0 1 0 0 0 0 0 1 
1 0 0 0 0 0 0 0 0 0 
1 1 0 0 0 0 1 1 0 1 
0 1 0 0 0 0 0 1 0 0 
0 0 0 0 0 1 0 0 0 0 
0 0 0 1 1 1 1 0 0 1 
0 0 1 0 1 1 0 1 0 0 
0 0 0 0 1 0 0 0 0 1 
0 1 1 0 0 0 0 0 1 0 

